wikitext-103: 40.61127471923828
wikitext-2: 32.55731201171875
lambada: 65.68382263183594